44 0.555 0.468 0.329 0.101
51 0.718 0.802 0.036 0.089
51 0.631 0.837 0.038 0.112
51 0.696 0.81 0.011 0.054
51 0.688 0.875 0.087 0.064
44 0.891 0.649 0.115 0.255
44 0.886 0.49 0.153 0.09
44 0.416 0.134 0.112 0.09
44 0.909 0.608 0.112 0.168
44 0.821 0.906 0.19 0.184
45 0.532 0.187 0.201 0.131
45 0.776 0.61 0.226 0.237
45 0.901 0.806 0.197 0.297
45 0.499 0.502 0.265 0.18
45 0.693 0.848 0.252 0.29
45 0.623 0.4 0.207 0.144
45 0.652 0.308 0.236 0.135
45 0.366 0.186 0.138 0.069
45 0.637 0.164 0.145 0.131
50 0.326 0.563 0.029 0.066
50 0.468 0.85 0.059 0.06
50 0.283 0.592 0.034 0.061
51 0.743 0.869 0.041 0.066
51 0.659 0.903 0.021 0.066
None 0.5 0.544 1.0 0.913
42 0.395 0.918 0.132 0.138
44 0.749 0.283 0.069 0.06
45 0.255 0.226 0.15 0.082
45 0.144 0.291 0.183 0.125
45 0.056 0.38 0.111 0.153
50 0.211 0.737 0.063 0.053
51 0.621 0.892 0.057 0.062
51 0.912 0.801 0.019 0.031
51 0.607 0.839 0.049 0.057
51 0.296 0.793 0.065 0.087
51 0.675 0.802 0.035 0.047
51 0.694 0.941 0.032 0.022
44 0.838 0.28 0.031 0.019
50 0.41 0.7 0.038 0.043
50 0.465 0.639 0.027 0.069
50 0.249 0.562 0.026 0.029
45 0.135 0.489 0.27 0.192
