9 0.158 0.445 0.037 0.068
9 0.098 0.44 0.039 0.049
24 0.315 0.812 0.079 0.116
7 0.549 0.707 0.32 0.256
7 0.897 0.701 0.204 0.133
0 0.274 0.86 0.112 0.28
0 0.392 0.763 0.044 0.166
0 0.348 0.756 0.035 0.126
0 0.425 0.765 0.026 0.152
0 0.476 0.783 0.052 0.16
0 0.904 0.727 0.023 0.088
0 0.204 0.717 0.016 0.077
0 0.511 0.774 0.032 0.156
0 0.137 0.73 0.032 0.1
0 0.228 0.718 0.024 0.08
0 0.364 0.754 0.024 0.145
9 0.364 0.63 0.018 0.024
9 0.048 0.639 0.009 0.015
9 0.05 0.589 0.009 0.024
24 0.335 0.731 0.018 0.041
26 0.489 0.765 0.02 0.029
0 0.314 0.73 0.032 0.083
7 0.906 0.837 0.188 0.325
7 0.197 0.69 0.221 0.125
7 0.759 0.682 0.039 0.029
9 0.152 0.386 0.023 0.031
26 0.15 0.73 0.009 0.026
0 0.85 0.727 0.022 0.083
9 0.477 0.558 0.011 0.03
9 0.467 0.557 0.01 0.025
9 0.09 0.628 0.008 0.009
26 0.335 0.742 0.018 0.061
26 0.743 0.715 0.01 0.01
0 0.502 0.812 0.955 0.371
