0 0.328 0.582 0.57 0.836
44 0.661 0.847 0.024 0.055
68 0.896 0.861 0.205 0.256
42 0.957 0.637 0.012 0.095
43 0.71 0.811 0.027 0.081
43 0.722 0.804 0.025 0.106
44 0.645 0.787 0.036 0.059
44 0.628 0.847 0.056 0.094
44 0.64 0.396 0.023 0.269
44 0.668 0.389 0.021 0.242
44 0.528 0.679 0.028 0.157
43 0.734 0.825 0.025 0.078
43 0.74 0.8 0.022 0.076
43 0.745 0.824 0.024 0.078
74 0.042 0.063 0.084 0.126
44 0.656 0.886 0.05 0.049
44 0.626 0.739 0.026 0.076
44 0.619 0.934 0.023 0.054
44 0.644 0.861 0.034 0.059
44 0.978 0.145 0.007 0.053
