39 0.615 0.411 0.013 0.056
39 0.59 0.417 0.011 0.044
39 0.58 0.414 0.011 0.057
39 0.604 0.416 0.011 0.051
39 0.692 0.617 0.029 0.065
72 0.745 0.5 0.151 0.288
39 0.731 0.627 0.016 0.076
39 0.632 0.355 0.015 0.036
39 0.592 0.299 0.016 0.032
39 0.64 0.293 0.015 0.033
39 0.657 0.291 0.017 0.035
56 0.367 0.926 0.236 0.148
40 0.251 0.425 0.02 0.059
40 0.233 0.435 0.025 0.076
40 0.181 0.444 0.022 0.07
40 0.107 0.448 0.031 0.078
40 0.14 0.448 0.024 0.082
40 0.159 0.447 0.018 0.077
41 0.25 0.509 0.042 0.043
41 0.197 0.514 0.036 0.041
41 0.292 0.502 0.031 0.034
41 0.323 0.493 0.031 0.032
45 0.835 0.472 0.088 0.022
68 0.632 0.505 0.083 0.063
69 0.466 0.584 0.073 0.071
40 0.127 0.448 0.017 0.083
40 0.199 0.438 0.025 0.079
40 0.217 0.439 0.017 0.074
41 0.266 0.505 0.034 0.044
41 0.813 0.302 0.024 0.045
41 0.844 0.306 0.024 0.029
41 0.796 0.314 0.01 0.017
41 0.279 0.443 0.028 0.039
41 0.221 0.507 0.024 0.042
45 0.813 0.446 0.046 0.01
45 0.834 0.461 0.089 0.009
45 0.836 0.454 0.081 0.011
45 0.835 0.449 0.087 0.013
45 0.577 0.367 0.021 0.019
None 0.69 0.972 0.214 0.031
