0 0.614 0.774 0.015 0.031
0 0.536 0.755 0.011 0.031
0 0.526 0.754 0.01 0.033
0 0.639 0.776 0.023 0.03
33 0.693 0.467 0.029 0.035
33 0.446 0.597 0.015 0.015
33 0.689 0.208 0.016 0.029
33 0.476 0.499 0.035 0.025
0 0.88 0.764 0.011 0.043
0 0.845 0.755 0.008 0.034
2 0.443 0.735 0.015 0.012
2 0.495 0.746 0.016 0.011
2 0.468 0.744 0.013 0.01
2 0.416 0.759 0.03 0.017
33 0.13 0.811 0.065 0.031
33 0.631 0.66 0.059 0.037
0 0.435 0.778 0.013 0.03
0 0.855 0.761 0.007 0.038
0 0.92 0.762 0.007 0.023
0 0.395 0.766 0.008 0.054
0 0.371 0.765 0.012 0.057
0 0.35 0.764 0.012 0.064
0 0.521 0.764 0.717 0.079
