56 0.294 0.361 0.155 0.167
56 0.447 0.41 0.131 0.247
42 0.609 0.883 0.296 0.234
43 0.442 0.875 0.026 0.249
53 0.477 0.902 0.528 0.172
None 0.299 0.236 0.225 0.158
0 0.663 0.494 0.675 0.989
0 0.198 0.561 0.393 0.587
0 0.488 0.145 0.201 0.285
0 0.361 0.098 0.106 0.196
0 0.284 0.094 0.126 0.179
0 0.102 0.182 0.204 0.363
0 0.229 0.058 0.049 0.116
0 0.663 0.09 0.054 0.175
41 0.303 0.184 0.03 0.038
56 0.035 0.456 0.07 0.353
56 0.664 0.177 0.036 0.027
None 0.957 0.247 0.086 0.074
0 0.422 0.031 0.022 0.06
0 0.587 0.097 0.124 0.195
None 0.502 0.893 0.995 0.214
41 0.27 0.187 0.029 0.049
41 0.343 0.184 0.031 0.033
41 0.369 0.182 0.026 0.049
