25 0.187 0.378 0.331 0.311
25 0.342 0.378 0.24 0.209
25 0.417 0.345 0.201 0.167
25 0.491 0.356 0.106 0.097
25 0.509 0.293 0.139 0.048
25 0.625 0.344 0.078 0.058
25 0.692 0.205 0.06 0.21
25 0.125 0.532 0.249 0.611
25 0.061 0.451 0.123 0.258
25 0.301 0.396 0.193 0.243
25 0.425 0.384 0.139 0.159
0 0.578 0.552 0.097 0.451
0 0.809 0.564 0.077 0.433
0 0.261 0.717 0.133 0.405
0 0.868 0.503 0.072 0.131
0 0.866 0.424 0.038 0.1
0 0.938 0.513 0.078 0.111
0 0.865 0.368 0.022 0.08
25 0.575 0.353 0.131 0.093
26 0.192 0.949 0.093 0.078
56 0.546 0.798 0.456 0.306
0 0.378 0.544 0.08 0.055
0 0.491 0.465 0.041 0.078
0 0.922 0.38 0.009 0.03
0 0.38 0.932 0.186 0.136
0 0.52 0.447 0.024 0.085
56 0.391 0.638 0.133 0.109
56 0.135 0.712 0.218 0.256
56 0.084 0.964 0.158 0.047
56 0.404 0.656 0.114 0.07
56 0.049 0.856 0.099 0.198
56 0.394 0.597 0.094 0.046
56 0.424 0.703 0.12 0.045
56 0.379 0.554 0.099 0.059
0 0.979 0.411 0.012 0.061
25 0.777 0.287 0.104 0.076
26 0.193 0.854 0.065 0.028
26 0.232 0.839 0.1 0.146
0 0.482 0.537 0.823 0.283
25 0.681 0.329 0.163 0.148
